-1000193730
1319487742
-75332270
-1972046204
419568304
-1778745444
-1870388445
-252492710
1480415247
-1599918656
216994546
695570312
1074720675
-1270664267
-1986349710
-1056130580
1589255303
-91138065
-1697986749
1274297761
1247998824
1604793987
-1391194798
167865233
-1626013812
-476859432
699720576
-1481670835
707275798
-1063950690
2106954113
2142805024
-231441016
1144859903
1123977734
-2020014240
1858690952
-519544555
1045493790
-916769784
-1155167514
-2096799589
1810906841
-69176445
-1753692195
1007442918
-1085190354
-1983684662
-452390760
-968777707
1125054494
-1825680720
-148318216
1966461063
1177589016
835812988
-1652262764
-95698035
230866591
1422490552
-2144792576
-682428832
-508042967
-704618424
319244882
-1514091435
721477194
815838141
-1579621918
417467726
86776850
1372771563
1450694480
687953780
299607730
-9263944
2132977098
1813411874
1581860965
-51082698
538507150
-1050812380
-1122387060
2056135668
682663598
259434272
1999526683
388512400
-1615145454
-1952918956
-1489570508
1206175889
839782083
1801245313
-608459760
-648205453
-1333211802
-861377242
-999239386
1416221186
-316253179
1206158577
673564293
-880411669
-1056549867
-85822094
985690757
1006067343
-741063500
-837880303
-1665187426
-1744125158
-2146633423
1560000578
-236703081
1798566356
728966097
-702008074
-1858434846
384859830
-404918064
-1752867500
2010825030
-47035584
-1163639386
2092376744
1743170750
-1274031735
-1869238134
751962523
544331169
331713687
2109361211
377633956
1873318658
-1527442960
1268653053
-965946946
-1194693031
-1899777935
-1568889887
1668495195
2041757538
-1673287587
-371211958
445381784
-1577803196
-1817161544
-1204484181
1331914929
-969036810
-910770730
-1227512427
1663669686
-1476067106
1284095278
-315025936
-1491402114
1371713978
-15123853
-1563745912
-1481912356
1967489731
-1582145051
1734472907
-418570992
2054914319
-1009839133
1322864080
-1924712576
325323318
2016443845
1092880027
-1332047448
1814571576
-104207384
762675103
-41634483
-2034207842
717105417
2033757827
-2115656456
-1101154850
2013462230
-1297951447
-1248501598
842806787
-1989956670
789325035
58753451
937381261
-1479253480
521720359
-1134681583
1546490773
-1466555309
-631153667
-1635745059
-1211894731
-1010068820
-906949545
-798677536
-547857882
773094899
-924978135
348147359
-613757271
-808496222
-324147207
436936331
-854707285
-1761822930
275792033
-2074427275
377486371
-1011688288
-575904685
-776317120
-2015852866
668170340
1371626462
-1767332905
-1735131458
-1433380767
1431500847
351639137
-1471289569
-730334647
438651929
-1706344781
-1979206661
-1434143951
-762347944
-663695354
-806021586
1933458531
1891317715
-284316695
-531702467
27703667
1937125920
-1063409544
1750569843
-72774768
514828877
2040989134
1204500557
106137115
-1626096675
-1386887497
782613783
1719752829
-1898780656
-861445974
1740777430
573194549
-1379644056
-259197194
1452179560
37379631
-1258990745
1394185530
321842153
-1873727908
1436667548
2067078425
19700313
-1276241794
1237049568
279173934
-814519685
1625164611
14359005
-960628930
-1087674369
-1436906859
-874603569
2050044844
2015987683
-461652432
1543915662
-455430095
-679131371
2107921780
604191435
-2123521077
-1382609060
749163644
1522536345
-361283082
377325177
-1814749586
2091238447
748633881
696658825
-1105309420
-1456854036
-569923517
-88611155
-414169685
-608091494
-73006570
210005740
-329757957
18538230
1822089987
814721623
-105386841
1344964976
-366183241
-1278579603
-1775903802
571439918
-329529132
1846556353
-755217231
282003798
374557924
-1370628135
617537054
993263756
-1637242486
-332315559
1771003245
-1068911431
-228497159
-171940255
-1068893118
1863436558
-1254965078
-331833550
-1242117293
595588168
1866676809
-1501772009
-1536717182
-1195948747
1606055919
-228362366
20332077
-29840522
-1126004842
262458228
1678363077
-496318331
-42632759
-1590083038
-1295257699
1960791289
346107803
452044757
-1329316348
1849320969
-1448766503
1797925137
3772821
1189412686
-2122271870
-1174866951
-293821236
1224400076
-2141230729
-1571091471
1699972317
1903284530
-1061121682
1021850501
1944518592
-527985567
1520694828
-926871416
-1177526384
1314389546
620588787
888729216
-638122219
-1101682341
1110958136
1693369153
231916447
259736316
-585428071
-887137833
631302165
397150678
-1994220787
171231145
879199564
-1960951244
528692060
1102417882
-394046564
-585981459
1140808146
-1258809102
137503153
-1446512480
-2122118865
-1373284163
-1370170210
-1295345599
-511061535
375380595
63014199
1790132693
835830132
-707624168
774809247
-463365511
-1122972343
-323176411
-1136188897
1610247336
-460737403
2143800424
-1072798663
-709740100
-726102708
273405736
715806460
-1208950859
-31559377
2062047628
-2010536550
-1411164360
1068956898
1849120316
1949443383
1700580827
-233203918
245874504
-1561561341
-382164833
-1678527691
-973709751
289355658
-1132266819
-643268158
-1970627899
1572687690
2126912677
1840629283
-1620131113
-976209786
-415854781
-45825527
787593743
836783705
1733871491
1464429759
-1703267690
-590710515
-429982185
1812031906
-1208888170
-938226771
925253495
566718929
-357500968
2084628184
1940256809
-1035524832
1765397421
-994036521
739606850
-882346415
-1935914734
-1238150414
-96505557
-251058555
-1740002546
2111126526
850572456
856556527
-2085476001
780142650
167621654
767352779
1484505429
78534236
69208308
-2081722482
985454844
-872304154
472090532
849251679
446883968
530090685
-107634319
930646981
-225454643
-267152901
1034314451
-1643343712
-935401866
-405565437
1916965362
1595419485
86797271
485885910
